$ANSIBLE_VAULT;1.1;AES256
33383733613662333363313163356263363465626566353734343839343939376662393937636433
3337616263396532633937393338373664323437353161630a666566343838396331646666333834
63663432653631393735656364633765366337663030623134303930303934343861646637303833
3464393666623164310a656433653039386161363131643039313862343633626537663330316339
66663438363435613164643434653438386138633832666364626666303539356134656263386639
36376333386666343937636165323066303830353432316565393431666131316632343833343162
63386564313437336662303533376631656631323464333534343435313335313031613436323131
62303330396337613433666436643736323564393535623563336533316331383338663534316261
64313730306530383762353033343966646661333032646539653465346532333535393030333632
35303239333932646665383432373665613933326134373131616238303833633631363763646562
38363339366466643332383132313062306233363834343835316562656166633535663963326332
36636532633638646164633738616435373166313139316331663635356634626163333866623230
61376461323230386439653134376239356161396632613135376664376236663131386333306134
31623263376564653461633335616133356564373261356333633738653638353536633939636362
31396630626431306136393564623731613562353534643733663939303139366664653338313666
32653631333439636233326362313064346134373563333236616436386137353636313866616363
65323864623466323239316264356662643061383366323433383036316262393662313930323662
65666464663761383362313736343739396436366136633931653966386463623538663430363733
32376361303064646266663833386364646238343261343965336366343032316638636164656665
39393932666239643534313036346632343439303761643837346335383931613465313034393838
35343531393831643561663631383830393361303166383462373733323466353039623464313163
62303163313965626264343230613739613539623165333938326439363861326363376161323839
65666336396235353361396466303666343339396430383565633335633231386438616662363565
62383463643532303163373461616130633732633861343965303039346564666431653637323764
66643033626436643534666334663137353264626330333231646361363336643263
